20 5
고가 코리아 두바이 만리장성 리오
SGU_CODA
14304 15257 14956 14837 11232
SGU_FORTE
14312 15233 14962 14834 11216
계룡산천지
14702 15452 15141 15081 11349
SGU_귤
14491 15458 15125 15122 11405
도로의철학자
15204 20116 15968 20386 11976
은아냥v
14559 15876 15445 15474 11814
모레모
15024 20182 15750 15731 11725
민정석현
14945 20018 15585 15619 11651
사내대장균
15372 20542 20059 20413 11849
노익하다사망
14541 15449 15096 15264 11352
앞으로만갈까
14925 15868 15580 15627 11554
헌남종궁
14638 15614 15413 15398 11535
kartmanggame
15370 20533 20132 20458 11831
SGU_깨비
15043 20014 15739 15477 12147
SGU_라떼
15409 20432 20238 20369 12039
SGU_서강대
20221 20942 20621 21742 12612
SGU_스탠스
14631 15367 15277 15423 11394
SGU_이세희
15225 20255 20004 20788 11891
SGU_자니..?
15148 20663 15749 15890 12269
SGU_ROCOCO
15208 20262 15800 20186 11750
